FID	IID	SOL	C1	C2	C3	C4	C5	C6	C7	C8	C9	C10	Group
1328	NA06989	0	-0.0167222	0.0036511	-0.00808102	0.0143676	-0.0230693	0.00238617	-0.00632408	0.0232393	-0.00184577	0.00644711	1
1328	NA06984	0	-0.0142954	0.023318	-0.0153201	0.00874635	0.012489	0.0208124	0.0298514	0.0149314	-0.00796563	0.024489	1
1330	NA12340	0	-0.020561	0.0086398	-0.0101864	0.0122228	0.00722622	0.00204046	-0.0270438	-0.0122015	-0.000628566	-0.0127538	1
1330	NA12343	0	-0.0142163	0.0156509	-0.00255206	-0.000390325	-0.00837532	0.00933867	0.0171823	-0.00192459	-0.0017885	0.0211528	1
1330	NA12342	0	-0.0182814	0.0264246	0.00448965	-0.0254063	-0.00229076	-0.00196011	-0.0290562	0.00688208	-0.00437105	-0.0204244	1
1334	NA12146	0	-0.0144526	0.0202358	0.00518922	-0.0261832	0.0110741	-0.0133274	0.00299946	0.0250468	-0.0287361	0.0149784	1
1334	NA12239	0	-0.0140874	0.0127739	0.00741722	-0.0092509	0.00391011	-0.0293333	0.0147175	-0.00190751	-0.00614563	0.0055463	1
1334	NA12145	0	-0.0130755	0.0146001	-0.0249335	-0.00461843	-0.0131569	0.00090225	-0.00122133	0.00841428	0.00279321	-0.00511853	1
1334	NA12144	0	-0.0155482	-0.00306567	-0.0135533	0.00686491	-0.0337309	-0.024263	0.00317395	0.0108124	-0.0315583	-0.000349296	1
1340	NA07056	0	-0.0169881	0.0211139	0.0111997	-1.13E-05	0.0152576	-0.0159429	-0.036726	-0.020739	-0.0243514	0.012651	1
1340	NA07022	0	-0.0174106	0.032076	0.00865786	0.0418666	0.025723	-0.00564287	-0.0267058	0.0107546	0.0128117	0.0124515	1
1340	NA07000	0	-0.0201243	0.00924922	0.0034379	-0.0017968	0.00883988	0.010109	-0.0107721	0.0178163	-0.00522461	-0.00409633	1
1340	NA06994	0	-0.0143288	0.0229565	-0.0131231	-1.70E-06	0.0135669	0.0138169	-0.0188319	-0.00228704	-0.00809248	0.0206365	1
1341	NA06985	0	-0.0149498	0.00977573	-0.00740683	-0.0025176	0.0049712	0.000459822	0.0238186	0.015213	0.0176121	-0.0201566	1
1341	NA07055	0	-0.0166157	0.0304335	-0.021109	0.00358854	0.023804	0.00951177	0.00590003	-0.0197258	0.00482129	0.00508357	1
1341	NA06993	0	-0.0163325	0.0161734	-0.00284181	0.0153991	0.0469095	-0.00285925	-0.0234653	-0.00962823	-0.00708974	0.00349266	1
1344	NA12056	0	-0.0182554	0.0261648	0.00251023	0.00635255	-0.0138895	0.00971909	0.0244929	-0.0117142	-0.0163281	0.00533749	1
1345	NA07347	0	-0.017291	0.0060062	-0.0031538	0.0136032	0.0300504	0.0294039	-0.0139938	-0.00231947	0.0180499	-0.00438873	1
1345	NA07346	0	-0.0184891	0.0144388	-0.00644927	0.00843781	-0.00943808	0.0135252	0.0111149	0.00894471	-0.0161586	0.0226347	1
1345	NA07357	0	-0.0139376	-0.00137215	0.0207712	-0.00342194	0.00961707	0.01699	0.000295105	0.00814099	0.00555333	-0.00760256	1
1345	NA07345	0	-0.0189734	0.0117076	-0.00183895	-0.0277947	0.0192168	-0.00966772	0.0272475	0.0140256	-0.0152944	0.0389557	1
1346	NA12045	0	-0.0121153	0.0294469	0.0147308	-0.0159437	0.0128315	-0.0226047	0.0186277	-0.0057653	-0.0148419	-0.0317542	1
1346	NA12044	0	-0.0147644	0.0221368	-0.000860866	0.0206994	-0.00494866	-0.0294259	0.00298408	0.00221645	0.00346547	0.012062	1
1346	NA12043	0	-0.0176305	0.0189151	0.0107124	0.0059395	0.00141391	0.00863741	0.00855653	-0.0152369	-0.00272037	-0.0132598	1
1347	NA11882	0	-0.0191922	0.0112949	0.000574834	0.0201009	0.00498966	-0.00230651	0.00184021	0.00884353	-0.0131354	-0.00486152	1
1347	NA11881	0	-0.0172001	0.0174999	0.00303041	-0.00739766	-0.0101828	-0.00765305	-0.00997423	0.017635	0.0246714	-0.0174696	1
1349	NA11843	0	-0.0097137	0.0240228	-0.0062488	0.0146463	0.00358814	-0.0102803	0.00523596	0.0113833	-0.00619596	-0.0293149	1
1349	NA11839	0	-0.0158853	0.0134957	0.00942573	0.0130079	-0.0138869	-0.0255789	0.01983	0.00310544	-0.0199707	0.0368386	1
1349	NA11840	0	-0.0218999	0.0224956	0.00206599	0.0223149	-0.00100715	0.00768938	-0.0254348	-0.00489662	-0.0149647	0.0038396	1
1350	NA11831	0	-0.0112049	0.0123985	-0.000514006	-0.00353431	-0.0220065	0.0165861	-0.0206872	0.0123851	0.0109978	0.0210154	1
1350	NA11829	0	-0.0152395	0.0236839	-0.0298491	-0.0039346	0.0137267	-0.0269769	-0.00745657	0.0346978	-0.0227572	-0.00537659	1
1350	NA11832	0	-0.0149601	0.0191736	0.00754851	-0.0152894	0.00731169	0.0308831	0.00235158	-0.0165049	-0.00198116	-0.0163509	1
1350	NA11830	0	-0.0167229	0.0123837	0.0402594	-0.00714066	-4.51E-05	-0.0105198	0.0102408	-0.00970691	0.00415326	0.0155844	1
1353	NA12383	0	-0.0171092	0.0136958	0.0103858	0.00170093	-0.0286869	-0.0141048	-0.02055	-0.00610609	-0.000901418	0.00320915	1
1353	NA12546	0	-0.0147882	0.00684393	0.0195097	0.0157948	0.02252	-0.00567705	0.00240633	0.0244949	-0.0100404	-0.00401254	1
1353	NA12489	0	-0.0216679	0.0207792	0.0187375	-0.0051479	0.0129343	-0.0194599	0.0148789	0.00501514	0.0121912	0.021505	1
1354	NA12400	0	-0.0151687	0.0190712	0.012028	0.00108772	-0.0116602	-0.00114746	-0.00369814	0.0343384	0.00701178	-0.00055745	1
1354	NA12399	0	-0.0181814	0.0148772	-0.0117891	0.0127541	-0.00266992	-0.00334551	0.00640761	-0.00915565	0.0276921	0.00446459	1
1355	NA12413	0	-0.00938995	0.0150581	0.00849375	-0.00493866	-0.000671975	-0.00975017	-0.00292096	0.00394197	-0.0267685	0.00317913	1
1358	NA12718	0	-0.0129699	0.00737238	-0.0163977	-0.0150578	-0.00708251	0.0197549	0.026142	-0.0116295	0.00361641	-0.0200605	1
1358	NA12716	0	-0.0157214	0.00368232	-0.00441614	-0.0175072	0.00198868	-0.0101578	-0.0116393	-0.0148402	0.0115878	-0.00117404	1
1362	NA11992	0	-0.0201423	0.0141211	-0.0044052	0.0085078	0.00197465	-0.0146499	-0.0197626	0.0333951	-0.011993	-0.0142506	1
1362	NA11993	0	-0.0143003	0.0126934	-0.0269075	0.00139019	0.00897698	0.0112373	0.00356631	-0.00361027	0.00144534	0.00991755	1
1362	NA11995	0	-0.0127285	0.0199067	-0.0122609	-0.0140672	-0.00179889	0.026641	-0.0104585	-0.0120934	-0.0196087	0.0178747	1
1362	NA11994	0	-0.013944	0.0165509	-0.00453487	0.00438681	0.00166832	0.0190796	-0.011116	0.00877058	-0.0064439	0.00708279	1
1375	NA12234	0	-0.0175218	0.0249899	0.0190001	0.0192655	0.0021363	-0.000421203	-0.0105299	0.00037477	0.00630583	0.010587	1
1375	NA12264	0	-0.0150652	0.0217609	-0.00588249	0.00104327	0.00780288	-0.0151378	-0.00423328	0.024934	-0.0330626	-0.0124734	1
1377	NA11891	0	-0.0146796	0.0162381	-0.00273171	0.021193	0.0129206	-0.000919753	0.0254713	0.0188685	0.0159971	0.0135461	1
1377	NA11892	0	-0.0212026	0.0105622	0.0132421	-0.00395841	-0.0185775	0.0201335	-0.0185687	0.00407998	-0.0312417	-0.0156629	1
1377	NA11894	0	-0.00964089	0.0143566	0.031037	0.0128652	0.00223184	0.0204273	0.00509703	-0.00979218	-0.0196051	0.00022866	1
1377	NA11893	0	-0.0142307	0.0325117	-0.00471805	0.0291451	-0.0228788	-0.0115825	-0.0261639	-0.0110854	0.0199578	-0.00137174	1
1408	NA12154	0	-0.0132185	0.0220581	0.00900094	0.0326665	0.00874893	-0.00111711	0.0201351	0.00613185	0.00213765	0.011923	1
1408	NA12156	0	-0.0103116	0.0203053	0.022226	-0.00202513	0.0156199	0.0164119	-0.0208185	-0.0131909	0.0275553	0.0187452	1
1408	NA12155	0	-0.00932859	0.0146097	-0.0152566	-0.00311647	-0.0149898	-0.0148474	0.00103238	0.0373479	-0.018214	-0.013358	1
1416	NA12248	0	-0.00770971	0.0223935	-0.0023553	-0.00791855	0.000379276	0.00807652	0.00897466	0.0117336	0.0211593	0.0125681	1
1416	NA12249	0	-0.00913588	0.0150253	0.00431173	-0.013028	0.00859454	0.00300036	-0.011902	0.0153035	0.0303109	-0.0329758	1
1418	NA12275	0	-0.012206	0.0201375	-0.014864	-0.0303054	-0.0060228	0.00586487	0.00305732	-0.00383151	0.0119478	-0.00910769	1
1418	NA12272	0	-0.0232684	0.0251601	0.0120766	-0.0208711	-0.0123972	-0.00566867	-0.00197267	-0.00984353	0.000667735	-0.0142453	1
1418	NA12273	0	-0.0169957	0.00483734	0.0304287	0.01152	0.00157468	-0.0115244	0.00697527	0.00379158	0.00435924	-0.0157001	1
1420	NA12003	0	-0.0110752	0.0201122	-0.00594216	-0.00709495	0.00684675	-0.00885192	-0.014715	-0.00269713	0.0262934	-0.00680719	1
1420	NA12006	0	-0.0147991	0.0071578	-0.00080992	0.000291762	0.00483913	0.00194824	0.0239588	-0.0141586	0.0198669	-0.0185095	1
1420	NA12005	0	-0.0213804	0.0212226	0.00516231	-0.00425047	0.0110885	0.00473799	-0.00154448	-0.0288024	0.00655651	-0.0255211	1
1421	NA12287	0	-0.0198572	0.00721581	0.000713932	0.0180522	-6.93E-05	-0.0118656	-0.00932093	-0.0189223	-0.0101801	-0.0218594	1
1421	NA12282	0	-0.0107897	0.000976459	0.0175253	-0.0148819	0.0254091	-0.00130497	0.0143582	0.000213836	-9.47E-05	0.0220311	1
1421	NA12283	0	-0.0194582	0.0203158	0.0063441	-0.000267255	-0.0120736	-0.00720733	-0.0162613	0.0282257	0.00442669	-0.000176449	1
1421	NA12286	0	-0.0115608	0.0179309	-0.000258918	-0.0295686	-0.00903918	-0.00744321	0.00302345	-0.00208196	-0.00537901	-0.0163933	1
1423	NA11917	0	-0.00742462	0.00874001	-0.0419162	-0.0223391	-0.00888759	0.011452	-0.0152342	-0.0222024	0.00569228	0.0177456	1
1423	NA11920	0	-0.0170569	0.0189769	0.00338886	0.00518011	0.0131617	-0.0373671	-0.00780136	0.0104339	-0.00601403	0.0240345	1
1423	NA11918	0	-0.0230881	0.0162769	-0.00333606	0.00348004	0.00913052	0.000620977	-0.0242217	0.00998206	0.00613965	0.00919238	1
1423	NA11919	0	-0.0181091	0.0188121	-0.0215331	0.023798	-0.0174438	-0.0101512	0.0123979	0.0292933	0.00181408	-0.00470393	1
1424	NA11930	0	-0.0109669	0.0180397	0.0190957	0.0103658	-0.0233547	0.0131511	-0.000967996	0.000184291	0.0116887	0.000615871	1
1424	NA11931	0	-0.0126155	0.0263296	0.00441242	-0.011166	-0.00885088	0.0135538	-0.00786363	-0.00986421	-0.0121223	-0.0374767	1
1444	NA12749	0	-0.0136327	0.0215975	0.0098513	0.015441	-0.00172155	-0.0114826	0.0106476	-0.0175381	0.0090727	-0.0254185	1
1444	NA12748	0	-0.0147444	0.0163244	0.000331749	-0.0332416	-0.015258	-0.0291514	0.0233702	0.00334912	0.0231112	-0.010466	1
1444	NA12750	0	-0.0151403	0.0110945	0.000404068	-0.0122364	-0.0113072	-0.0022299	-0.00466675	-0.021422	-0.00584836	0.00463705	1
1444	NA12751	0	-0.0185166	0.0254334	0.00201726	0.00804114	0.00244434	0.00254866	-0.0200976	-0.0149637	-0.00465072	-0.0215723	1
1447	NA12762	0	-0.0127154	0.018665	0.00473335	-0.0142377	0.0201527	-0.0135218	0.00300512	0.0275928	-0.0155423	-0.0181787	1
1447	NA12760	0	-0.0155449	0.0156349	-0.025456	-0.0347886	-0.0323023	0.0193945	0.00498911	-0.0260177	-0.00257492	0.00900964	1
1447	NA12763	0	-0.0125461	0.0203474	-0.0184547	-0.0304098	-0.00670156	-0.00163159	-0.0191255	-0.0089522	0.00134199	-0.00614314	1
1447	NA12761	0	-0.0114619	0.0229185	0.00594201	-0.00193539	0.0277488	-0.0130257	-0.0151376	-0.000430947	0.0202162	0.010088	1
1451	NA12777	0	-0.0222177	0.0236457	-0.0133646	0.00314513	0.0172176	-0.0151101	0.00772846	-0.00638401	0.0137165	0.0134752	1
1451	NA12776	0	-0.0114269	0.0254218	0.00670612	0.0165369	0.00220571	0.0113771	0.00694173	-0.00645684	-0.0102881	0.00120123	1
1451	NA12778	0	-0.0124764	0.0243136	-0.00530604	-0.00454171	0.0102232	0.000969854	0.00358886	-0.0286571	-0.0194916	-0.00944853	1
1451	NA12775	0	-0.00651309	0.0148858	-0.00390362	0.00376653	0.00671262	0.0132138	0.0151067	0.0072538	0.0228532	0.00194618	1
1454	NA12813	0	-0.0107153	0.0133506	0.0138231	0.013934	-0.0124114	0.0033378	0.0196097	0.00435746	0.00107951	0.00566602	1
1454	NA12814	0	-0.00987689	0.0197866	-0.0140601	-0.00327652	0.0126039	-0.00685953	-0.0115263	-0.0347372	0.00161356	-0.00915129	1
1454	NA12812	0	-0.0199602	0.00902906	0.00795455	-0.0327916	0.00474246	-0.0155098	-0.0051254	0.00640257	0.0135343	-0.0299567	1
1454	NA12815	0	-0.01797	0.020708	-0.00331934	-0.00821624	0.000360324	-0.00205311	-0.0306747	0.00557725	-0.00416039	-0.00750038	1
1456	NA12828	0	-0.0270773	0.0127104	-0.0130651	-0.000154684	-0.0272053	-0.0166005	-0.0286253	-0.00287431	0.00153576	-0.00310456	1
1456	NA12827	0	-0.0128899	0.0255746	0.0206998	0.00766967	0.0107979	-0.000912055	0.0179832	0.0132609	-0.0208547	-0.0123037	1
1456	NA12829	0	-0.0155406	0.0161546	-0.00623862	0.00581747	-0.0135462	0.00545303	0.0103286	-0.0133551	-0.000668487	-0.00104	1
1456	NA12830	0	-0.0190378	0.0156282	-0.00530924	-0.0182596	-0.0268847	0.0327257	-0.0233269	8.44E-05	-0.0111524	-0.00411936	1
1458	NA12843	0	-0.0134112	0.012061	-0.00404637	-0.012917	-0.00311687	-0.00872241	0.00903862	-0.0318379	0.0161846	0.00338616	1
1458	NA12842	0	-0.0106246	0.0136277	-0.0152098	-0.00498262	0.00994279	-0.00245724	0.0052915	-0.00476076	-0.0164551	0.0106984	1
1459	NA12875	0	-0.0143289	0.0141185	-0.0115782	-0.0113399	0.0188113	0.026134	0.0101767	-0.00265096	-0.00177718	0.0245543	1
1459	NA12874	0	-0.0143884	0.017924	-0.00430628	-0.00805068	0.0117956	0.00531473	0.0124232	-0.0365632	0.0276464	-0.028351	1
1459	NA12872	0	-0.0139045	0.00611125	-0.00846581	0.00777182	0.00616031	-0.000697315	0.00688903	0.0214709	0.00541707	0.00283553	1
1459	NA12873	0	-0.013811	0.0174959	-0.0248434	0.00302045	-0.0297888	-0.00941292	-0.0130747	-0.0197248	-0.0112467	0.0218051	1
1463	NA12890	0	-0.0161098	0.0127784	0.00982783	-0.00305793	0.0151358	-0.0158709	0.0202061	0.0141221	0.00921491	0.00474801	1
1463	NA12889	0	-0.0203912	0.0102	-0.0299121	0.0165235	0.0248275	-0.0156287	0.0178136	-0.00402971	-0.000787755	-0.0074055	1
1463	NA12891	0	-0.0153341	0.0168039	-0.00393941	-0.00875812	0.00445469	0.00665752	-0.0129506	0.00870226	-0.0226691	0.019049	1
1463	NA12892	0	-0.0142214	0.00587919	0.0171438	-0.00168825	-0.0248717	-0.00138559	-0.00366451	0.00785857	0.00184918	0.0249063	1
13281	NA12348	0	-0.0169959	0.0242263	0.0187678	-0.00875205	-0.00157812	0.0110926	0.0108658	-0.00112209	-0.0208372	-0.0109661	1
13281	NA12347	0	-0.0155353	0.0181642	-0.0119849	-0.00257128	-0.00345616	0.00925425	0.0180419	-0.0133254	0.0102987	0.0264461	1
13291	NA06986	0	-0.0180398	0.014765	0.00776479	-0.0175754	-0.00530113	0.0206711	0.022376	0.0131861	0.0107452	-0.0144541	1
13291	NA07435	0	-0.0183891	0.016581	0.013045	0.0117273	-0.0329336	0.00916849	0.00803064	-0.0117698	-0.001895	0.0307632	1
13291	NA07037	0	-0.0189725	0.0152095	0.0123079	-0.0110279	0.00154135	-0.00614641	0.0186832	-0.0203133	0.00461988	-0.0111107	1
13291	NA25001	0	-0.0157734	0.0267157	-0.00902404	-0.00877245	0.0201972	-0.00350193	0.000572394	0.00154397	0.00694044	0.00243621	1
13292	NA07051	0	-0.0230847	0.0352143	-0.00631725	0.0116819	-0.0132928	0.00765625	0.0136194	0.000598502	0.00339758	0.00825917	1
13292	NA07031	0	-0.0129251	0.0272305	-0.0146223	0.0139067	-0.011287	-0.00370703	0.00443525	-0.000562031	0.00245675	-0.0029254	1
M001	NA19649	0	0.0332292	-0.00173455	0.0333889	0.0190381	0.0200504	-0.0135221	0.0296643	-0.035721	0.00473882	0.0179179	2
M002	NA19669	0	0.0495836	-0.00276398	-0.00612328	0.0205718	0.0180279	-0.0225524	0.00687381	0.00600437	0.0414502	0.0016349	2
M002	NA19670	0	0.0752517	-0.00567385	0.00178991	-0.0137857	-0.00316284	-0.00056403	-0.024192	0.0148237	0.0238395	0.0238585	2
M004	NA19676	0	0.0389952	-0.0135204	-0.00367504	0.0173342	-0.0242779	0.00226072	-0.00581489	-0.0249296	-0.00502487	0.0246627	2
M005	NA19651	0	0.0291359	-0.000105441	0.0170883	0.0143369	-0.0474196	0.0287633	-0.020664	-0.00307008	-0.0121949	0.00153205	2
M005	NA19652	0	0.033297	0.000312329	-0.0357595	0.0164202	0.0149342	0.0528325	0.0039544	-0.0329839	-0.0123342	-0.0205326	2
M006	NA19654	0	0.0881844	0.00635141	0.00386885	0.0483077	0.00505569	-0.021798	0.0265121	0.00591384	-0.022007	-0.000950345	2
M007	NA19657	0	0.0885897	-0.00646521	0.0107941	0.000578446	0.0149408	0.00992416	0.00795525	-0.0159156	-0.00505699	-0.00154057	2
M007	NA19658	0	0.0501321	0.00110342	-0.00376664	0.0257325	-0.00144683	-0.00309277	0.00438314	-0.0154141	-0.0194178	0.0156197	2
M008	NA19660	0	0.0671361	-0.00869615	-7.49E-05	-0.0140774	-0.0347509	-0.000809575	0.0103156	0.00195191	-0.00222978	0.00651242	2
M009	NA19678	0	0.021731	0.00821134	0.00350408	0.0139213	-0.0141328	-0.00724501	-0.0202513	0.0176026	-0.00319796	-0.0242155	2
M009	NA19679	0	-0.00359589	-0.00620368	0.0412462	-0.00962256	0.0126349	0.0590647	0.0255763	0.0289677	0.00932649	0.0111479	2
M010	NA19682	0	0.0643395	-0.0119894	-0.00737697	0.0066181	-0.0101506	0.0119416	-0.0307595	0.00169519	-0.00604588	0.0149317	2
M010	NA19681	0	0.0937793	-0.00017872	0.0309959	-0.0163931	0.0227426	0.0194568	0.00440541	0.0146605	-0.00728957	-0.0111542	2
M011	NA19684	0	0.0408143	-0.000561462	-0.0113579	-0.00832103	-0.0411368	0.0147507	0.0446585	0.0104847	-0.00117124	-0.0119438	2
M012	NA19663	0	0.100472	0.0089936	0.00152454	0.0032571	-0.0017043	0.00555925	-0.0167772	0.00234171	0.0218371	-0.00206637	2
M014	NA19716	0	0.0861126	0.000210636	0.00147264	0.00812516	-0.0316144	-0.00595469	0.000926373	-0.00204569	0.0128121	-0.019981	2
M015	NA19719	0	0.0612021	-0.00565003	0.0386457	-0.0150663	-0.001907	0.00671789	-0.00441018	-0.00691223	0.012559	-0.0201688	2
M015	NA19720	0	0.108237	0.00251848	0.00867774	-0.00142142	0.0131355	-0.00270144	0.0140145	-0.00239821	0.0155965	-0.0142687	2
M016	NA19722	0	0.0768288	-0.00572125	-0.0128934	-0.0398528	-0.00978843	-0.0185277	0.00613384	-0.00948847	-0.0103557	-0.0117039	2
M016	NA19723	0	0.0779242	-0.00084707	-0.0382478	-0.0119431	-0.00301826	-0.0111082	-0.00877641	-0.00864394	0.0120544	0.0112913	2
M017	NA19726	0	0.0979307	0.000549384	-0.00350444	-0.00441711	-0.0101575	0.00760837	-0.015924	0.0208549	0.0226959	0.000918348	2
M017	NA19725	0	0.0527608	-0.00256391	-0.00972211	0.0290517	0.017974	-0.0229136	-0.0374001	-0.020565	-0.0235942	0.0118114	2
M023	NA19747	0	0.0857895	-0.00169355	-0.00342626	-0.0157544	0.0233592	-0.0202271	0.018907	-0.00968778	-0.029265	0.00219994	2
M023	NA19746	0	0.110504	0.00426464	-0.0145817	-0.0170459	0.0278477	-0.0140368	-0.0216627	-0.00650576	-0.00807752	-0.00136209	2
M024	NA19749	0	0.051697	0.00767179	-0.000167681	-0.0150636	0.0210191	0.0177558	-0.00266163	0.00766672	0.00906315	0.0270813	2
M024	NA19750	0	0.0435955	0.00501092	0.0495506	-0.0332515	-0.0051243	-0.0347995	0.0157597	0.00116383	-0.0146888	0.00567718	2
M026	NA19755	0	0.108695	-0.00537415	-0.000260655	0.00648779	-0.00517329	0.0157299	-0.0016235	-0.0158292	-0.00866301	-0.0149632	2
M026	NA19756	0	0.0748938	0.000556077	0.00358787	-0.0496026	-0.00314278	-0.00978212	-0.00412886	-0.0115595	0.0103232	0.0455134	2
M027	NA19759	0	0.121339	-0.000162676	-0.0149747	0.0148951	-0.012691	-0.00237389	0.00776304	0.00385463	-0.0258004	0.0044573	2
M028	NA19761	0	0.0873722	0.0151984	0.00612923	0.0100524	-0.0366663	-0.00519173	-0.0066207	0.0170016	0.0179853	0.0137618	2
M028	NA19762	0	0.0911308	-0.00416707	0.0187828	0.00917068	0.00474522	0.00533754	-0.0111183	-0.0124525	-0.0167524	-0.0177847	2
M031	NA19771	0	0.0776646	-0.00238731	-0.0282919	-0.00166131	-0.00790866	-0.00194569	-0.00313881	0.0148267	-0.0139181	0.00751912	2
M031	NA19770	0	0.0663676	0.00956306	-0.0201174	0.0150777	0.018809	0.0138999	0.0138881	0.00124418	-0.00544362	-0.002705	2
M033	NA19773	0	0.0525029	0.0060908	-0.0180371	0.00856648	-0.00327789	0.00376576	-0.00728734	0.0004293	0.00484776	0.00777	2
M034	NA19776	0	0.0671603	-0.014069	0.00779452	-0.0078873	0.0370736	0.00611596	0.014672	0.0193944	-0.0469948	0.0150508	2
M034	NA19777	0	0.0719533	-0.00203894	0.0176549	-0.0146004	-0.015546	0.02742	0.00758517	0.00511937	-0.00601743	-0.00332363	2
M035	NA19780	0	0.0563138	-0.00759074	0.0119475	0.0288905	-0.0081657	0.00665099	-0.00371522	0.0128333	0.0054163	-0.0418429	2
M035	NA19779	0	0.0478165	-0.00604172	0.0191508	0.0111325	0.00308372	-0.0046135	-0.00912625	0.01577	0.0246064	0.00540566	2
M036	NA19783	0	0.114275	0.00174992	-0.0024351	0.000862086	0.00341578	0.000248192	-0.0144809	0.00663918	0.0220707	0.000446052	2
M036	NA19782	0	0.0743643	-0.00602708	-0.00465145	0.00832379	-0.00274595	-0.024551	-0.0215456	-0.0303779	-0.00981439	-0.00817778	2
M037	NA19788	0	0.101587	-0.0048383	0.000569378	-0.0113162	0.0183898	-0.0133905	-0.00751163	0.0026646	0.0126339	-0.00365829	2
M037	NA19789	0	0.0744418	-0.00701011	0.0180545	0.00984397	0.0248569	0.00210476	0.010309	-0.0162781	-0.00941291	-0.0253431	2
M039	NA19794	0	0.0331262	0.00359893	-0.0279274	0.00327752	-0.0271755	0.00275734	0.00788975	0.00980656	0.0101796	-0.00476577	2
M039	NA19795	0	0.072888	0.0020235	-0.0285701	0.0197745	0.00908723	0.0162646	0.0307324	0.0319245	-0.0141701	-0.0120546	2
M041	NA25000	0	0.0781184	0.00825742	0.00887199	-0.0148851	-0.0174213	-0.000409205	0.00875823	-0.00377714	0.0370856	0.0130981	2
NA20502	NA20502	0	-0.0196508	-0.0296065	-0.0310556	-0.00478829	0.00750299	0.0103255	-0.0100448	0.00487425	0.00828583	0.00311962	3
NA20504	NA20504	0	-0.0145748	-0.0201918	0.00221972	0.00266613	-0.00272601	-0.0404218	-0.00288322	-0.0150612	0.00147211	0.00511233	3
NA20505	NA20505	0	-0.0205452	-0.0139639	-0.0205741	-0.0246279	0.0042244	0.0310734	-0.00510392	0.00372398	-0.00467852	0.0139811	3
NA20506	NA20506	0	-0.0110941	-0.0179715	-0.0243966	-0.0116464	0.0149472	-0.000121779	-0.0202244	0.0082493	-0.00238949	-0.00094108	3
NA20508	NA20508	0	-0.0173198	-0.0172196	0.00979622	-0.00248485	-0.00140192	0.00759334	0.0162304	0.00234431	-0.00295608	-0.00764737	3
NA20509	NA20509	0	-0.0158111	-0.0328014	0.0301087	-0.011125	-0.0106497	-0.0383457	-0.0173561	0.00630435	0.0311605	0.0262461	3
NA20510	NA20510	0	-0.0213162	-0.0290731	-0.00916758	0.00171228	0.0159559	-0.00504394	0.00619204	-0.00184019	0.0261458	-0.00478427	3
NA20512	NA20512	0	-0.0153526	-0.0220672	0.0173247	-0.00351137	0.0288971	0.0110955	-0.0250897	-0.00276157	-0.00938757	-0.00173434	3
NA20515	NA20515	0	-0.011935	-0.0214051	-0.0165858	0.000743101	-0.0222216	-0.00358364	0.00185292	0.00187175	0.00558411	0.00505577	3
NA20516	NA20516	0	-0.00933525	-0.0165389	0.023393	0.0111526	-0.0191927	0.0110586	-0.00276116	0.0203146	0.00701281	-0.0247588	3
NA20517	NA20517	0	-0.0255944	-0.00793124	0.0173629	0.0218705	-0.0200326	-0.00816673	0.00993269	-0.0319683	-0.00676233	-0.00799421	3
NA20518	NA20518	0	-0.0139158	-0.020247	-0.0136686	-0.00942327	0.00148815	-0.00199786	-0.00271518	0.0388828	0.0248873	-0.00533311	3
NA20519	NA20519	0	-0.0173043	-0.0258211	0.0254428	-0.0098971	-0.00173225	0.00973052	0.00241522	0.0105326	-0.0163504	0.0141081	3
NA20520	NA20520	0	-0.0219794	-0.0259653	0.0176272	0.0138019	0.0109573	0.00106764	0.00720026	-0.0297184	-0.010223	0.00240343	3
NA20521	NA20521	0	-0.0194373	-0.0220818	0.00327071	0.0140277	-0.00600873	-0.00773616	-0.0171823	-0.0299658	-0.00483507	-0.00178892	3
NA20522	NA20522	0	-0.0179823	-0.00969274	0.00117384	0.0193371	-0.016232	0.00983372	0.00132399	-0.0250877	0.0157442	0.0266563	3
NA20524	NA20524	0	-0.0160244	-0.0158734	-0.0106959	-0.0038659	0.00753102	0.0123173	-0.00200459	-0.0192163	-0.0113339	0.00896339	3
NA20525	NA20525	0	-0.017391	-0.0219114	0.00461954	0.0100479	-0.00105715	0.00194974	-0.0260108	0.0199874	-0.0188623	0.0287873	3
NA20527	NA20527	0	-0.0176476	-0.011212	0.0164172	0.0290351	-0.00615166	0.01295	0.0102885	0.00303926	0.00647886	0.00822422	3
NA20528	NA20528	0	-0.0196466	-0.0126098	0.0139609	-0.0250502	0.00142182	-0.0142474	-0.0184759	0.0044746	0.00321562	0.0133093	3
NA20529	NA20529	0	-0.0190712	-0.0153252	-0.00665125	0.0118785	0.00768374	0.00708584	0.0189435	-0.0134602	-0.0012382	-0.0125966	3
NA20530	NA20530	0	-0.0149034	-0.0276228	0.00175833	0.0112936	-0.00512932	-0.0178469	-0.0208378	0.010817	0.00943925	-0.00192577	3
NA20531	NA20531	0	-0.0166546	-0.0322272	-0.00898707	-0.0177295	-0.0087177	-0.0175782	-0.0224725	-0.0205951	-0.0145288	-0.0141759	3
NA20534	NA20534	0	-0.0165586	-0.0339023	-0.0214431	0.00112523	0.0119223	0.00840417	9.34E-05	0.0105018	-0.00698572	0.0102531	3
NA20535	NA20535	0	-0.0223813	-0.0146109	0.00951829	-0.00534486	-0.00863244	-0.00367667	-0.00559221	-0.00274743	0.0122203	-0.0280749	3
NA20538	NA20538	0	-0.0150565	-0.02648	-0.0306245	0.0229977	0.0255408	0.000939181	-0.0066192	0.0132814	0.0127698	-0.00686432	3
NA20539	NA20539	0	-0.0135471	-0.0186579	0.0132708	0.00298811	0.00271772	-0.00900898	-0.000582186	-0.0161136	0.0336616	-0.0248815	3
NA20540	NA20540	0	-0.0188724	-0.0206637	0.00363473	-0.0107696	-0.00379713	0.0106379	0.0069803	-0.0142802	-0.0182507	-0.00495826	3
NA20541	NA20541	0	-0.0154632	-0.0169886	-0.00141213	-0.0103933	0.026559	0.000854066	-0.0125432	0.0178181	0.0188676	0.00420152	3
NA20542	NA20542	0	-0.0169162	-0.00955047	0.0227358	0.0206421	-0.0217796	0.00988305	-0.0203987	0.0236638	0.0094836	-0.00969929	3
NA20543	NA20543	0	-0.0117626	-0.0302648	0.0128233	0.0129052	0.00354503	0.0268691	-0.00714625	0.0144897	-0.0239269	0.0167778	3
NA20544	NA20544	0	-0.0117136	-0.01396	0.0117038	-0.0122689	-0.0165581	-0.00915232	0.00662494	-0.00962958	-0.018258	0.0166667	3
NA20581	NA20581	0	-0.017704	-0.012468	-0.0045022	0.0148679	0.00272386	0.00697656	0.0127135	-0.000994917	0.00913061	0.0140829	3
NA20582	NA20582	0	-0.0202164	-0.015991	0.0168921	0.00835708	-0.0173665	-0.00225922	0.00226122	-0.0195446	-0.0157021	-0.0199301	3
NA20586	NA20586	0	-0.0146462	-0.021158	0.0105447	0.00256124	0.0024013	-0.00873853	0.00319388	-0.00451182	-0.00192515	0.00335341	3
NA20588	NA20588	0	-0.0166313	-0.0216304	0.00291797	7.47E-05	0.00686302	0.00865522	0.0102779	-0.00344266	-0.0071397	-0.0282025	3
NA20589	NA20589	0	-0.0169267	-0.0209476	-0.00154574	-0.0108834	0.00297337	0.00792138	-0.0104383	-0.0214339	0.018244	0.0244056	3
NA20752	NA20752	0	-0.0142651	-0.0232968	0.0036877	0.00893826	-0.0104982	0.00464173	0.0321085	0.000915801	-0.0128321	0.0163066	3
NA20753	NA20753	0	-0.0209407	-0.0176927	0.00834171	0.00787045	-0.0127067	0.00174	0.00946481	-0.00193562	-0.0195239	0.00840958	3
NA20754	NA20754	0	-0.0122943	-0.0281552	-0.00776109	-0.0067821	0.00895566	-0.0180647	0.0259505	-0.0152561	0.00794236	-0.0140225	3
NA20755	NA20755	0	-0.0151506	-0.0204528	0.0157782	-0.0336354	-0.00483299	-0.0117118	-0.0268315	-0.0109702	-0.0321829	-0.00710704	3
NA20756	NA20756	0	-0.0140211	-0.0180656	0.00333278	-0.00935399	-0.0210791	0.0152822	0.00591911	-0.0138662	0.00679833	-0.0005406	3
NA20757	NA20757	0	-0.0144699	-0.0211481	-0.00234797	0.00596057	0.00912075	-0.0058628	0.00188235	-0.0136409	-0.00584028	0.0156388	3
NA20758	NA20758	0	-0.0205419	-0.0192544	0.0243001	-0.00945289	0.00130926	0.0104034	0.0276938	0.00639604	-0.00860002	-0.00151694	3
NA20759	NA20759	0	-0.0164047	-0.0255859	0.00141785	0.00652857	-0.013935	-0.0104717	0.0161666	0.0135043	-0.0176584	0.0039675	3
NA20760	NA20760	0	-0.0110101	-0.015068	0.0310693	-0.00731374	-0.00793665	0.0237197	-0.00799027	-0.00295068	-0.00576502	0.0012232	3
NA20761	NA20761	0	-0.0239344	-0.0183549	0.0261524	-0.0092495	-0.00797102	0.00162467	-0.0297327	0.0171819	-0.0150838	-0.0184093	3
NA20765	NA20765	0	-0.0172967	-0.022911	-0.0364933	0.020391	0.00453828	-0.0160602	0.00771523	0.00655526	0.00553243	0.00378155	3
NA20766	NA20766	0	-0.0125404	-0.0233633	0.00090291	0.0200414	-0.00880945	-0.00349432	0.0205806	-0.00414059	0.0267249	0.0300024	3
NA20768	NA20768	0	-0.0201913	-0.0266113	0.0124416	-0.00762547	0.0203892	-0.00325526	-0.00714612	0.00794235	0.00214683	0.0165445	3
NA20769	NA20769	0	-0.0220505	-0.0362406	-0.0137735	0.017466	-0.00190941	0.0178116	-0.00783198	-0.0105625	-0.0341685	-0.0244188	3
NA20770	NA20770	0	-0.0154389	-0.0286623	-0.0185279	0.00751407	0.00440158	-0.00424145	-0.0088197	0.0150947	-0.00572378	-0.0139638	3
NA20771	NA20771	0	-0.0167593	-0.0140686	-0.0149682	0.000347161	-0.0182695	-0.013131	0.0143316	-0.00617802	0.0218278	-0.00225169	3
NA20772	NA20772	0	-0.0179745	-0.0162085	-0.00821697	-0.0114153	-0.00523191	-0.00593023	-0.00932735	-0.0238106	-0.00336613	0.0153491	3
NA20773	NA20773	0	-0.0106156	-0.0213187	0.0197276	0.00989087	-0.00937788	-0.0519953	-0.00163946	0.0015265	-0.0107958	0.00842158	3
NA20774	NA20774	0	-0.0132553	-0.0141025	-0.000463715	0.0124101	0.00235856	0.0387576	0.00242599	-0.000803858	0.00320858	-0.0176714	3
NA20775	NA20775	0	-0.0164552	-0.0242532	-0.0162866	-0.0265599	0.0105565	0.015084	0.00250339	0.034054	-0.00891592	-0.00665167	3
NA20778	NA20778	0	-0.0148788	-0.0333969	-0.0113588	0.000447823	-0.00173817	-0.0312118	0.0124735	-0.0128025	-0.00636599	0.0117059	3
NA20783	NA20783	0	-0.0151398	-0.0256423	-0.0297734	-0.0166064	0.00506435	-0.00514921	0.000161931	-0.0203774	0.000318513	0.00228666	3
NA20785	NA20785	0	-0.0204079	-0.00498616	0.00555798	-0.00523482	-0.0071567	0.00669747	0.0202026	-0.010367	0.0218359	-0.00470288	3
NA20786	NA20786	0	-0.0177534	-0.0239105	-0.00310713	0.0191574	-0.00746085	0.0111197	-0.0110483	-0.000966135	-0.0137673	0.0067714	3
NA20787	NA20787	0	-0.0170467	-0.0246258	0.00253349	-0.0235911	-0.0238505	-0.0217749	0.0225485	0.00148751	-0.00433973	-0.00721051	3
NA20790	NA20790	0	-0.0157291	-0.0123587	0.0155222	-0.0205503	0.00124668	0.0105005	0.00693115	0.0226235	0.00664047	0.00624338	3
NA20792	NA20792	0	-0.015843	-0.0180791	-0.020452	-0.0157757	-0.00249241	-0.0269057	0.0121903	0.00302203	-0.0213075	-0.0145153	3
NA20795	NA20795	0	-0.0167986	-0.0153868	-0.0113285	0.0172595	0.00688493	-0.013499	-0.016589	0.0167068	0.00782708	-0.00973463	3
NA20796	NA20796	0	-0.0159709	-0.0224761	-0.00472041	-0.0157328	0.0252328	-0.0016819	-0.0210057	0.0108578	-0.00644269	-0.0278893	3
NA20797	NA20797	0	-0.0165669	-0.0174219	0.00355916	0.00983858	-0.00962219	-0.00918886	0.00243704	-0.00956899	0.0373744	0.000947033	3
NA20799	NA20799	0	-0.0163323	-0.020953	0.0105008	-0.000133479	-0.0038752	0.00900428	-0.0026393	0.00483176	-0.00682143	0.00753687	3
NA20800	NA20800	0	-0.0165996	-0.0226673	0.00692043	0.0142946	0.0284473	0.0191987	0.0108283	-0.0127943	0.0244093	0.00263542	3
NA20801	NA20801	0	-0.0222554	-0.0250586	0.030419	-0.0212506	0.00708468	-0.00985948	0.00143344	-0.00758709	-0.0106127	0.00287642	3
NA20802	NA20802	0	-0.0208652	-0.0134718	0.00467231	-0.0150879	0.0334343	0.00753021	-0.00277049	-0.0340393	0.0108288	0.0143668	3
NA20803	NA20803	0	-0.0286244	-0.0124446	0.0174097	0.00705809	0.0183359	0.00653941	-0.0127564	0.00210051	0.00515768	0.00212128	3
NA20804	NA20804	0	-0.0231544	-0.0235476	0.00310821	0.0246706	0.0167904	-0.00800639	0.00351374	-0.00584908	-0.0197498	-0.024656	3
NA20805	NA20805	0	-0.0226821	-0.0334489	-3.30E-05	0.00195389	-0.00304103	0.00293383	-0.0181061	0.00692759	0.0226213	-0.00814605	3
NA20806	NA20806	0	-0.0141331	-0.0217644	-0.00422293	0.0195902	0.0183272	0.00859744	-0.0192475	0.0157903	0.0183316	0.00403906	3
NA20807	NA20807	0	-0.0177818	-0.0113074	-0.0317447	-0.00594762	-0.00838066	0.0238589	-0.00127067	0.00524759	-0.00330785	-0.0115238	3
NA20808	NA20808	0	-0.014512	-0.021721	-0.0331374	-0.0189921	0.0232452	-0.0142419	0.0433342	0.0113825	0.00278325	-0.0179304	3
NA20809	NA20809	0	-0.0231838	-0.0183735	-0.00398021	0.0180389	-0.0341946	-0.00720016	0.00247624	0.00646937	0.0162424	-0.0215036	3
NA20810	NA20810	0	-0.0184511	-0.01967	0.00333195	0.00659426	0.00912568	0.0103139	-0.0113796	-0.0120779	0.0173877	-0.00356711	3
NA20811	NA20811	0	-0.0169887	-0.0195846	-0.00682138	0.00140149	-0.00461778	0.0188122	-0.0139842	0.0086111	-0.00347303	0.0196416	3
NA20812	NA20812	0	-0.0125861	-0.0216936	-0.0316956	0.00905103	-0.00794595	-0.0336572	0.0282807	-0.000606708	-0.00819682	-0.0122652	3
NA20813	NA20813	0	-0.0204561	-0.0214081	-0.0132316	-0.0268968	-0.00940403	0.0118825	-0.00343988	-0.00597954	0.0020788	-0.00283604	3
NA20815	NA20815	0	-0.0186529	-0.0214479	-0.011328	0.0259711	-0.0164888	0.00758031	0.0141685	0.0051948	-0.00700687	0.00834726	3
NA20816	NA20816	0	-0.0144202	-0.0177277	0.00553199	0.000823743	0.02068	-0.00734345	-0.00148864	0.022453	0.0151111	0.00816091	3
NA20818	NA20818	0	-0.021437	-0.0255632	0.00122213	0.0286471	-0.00855396	0.00232392	0.00326446	-0.0125538	0.0115397	-0.0079291	3
NA20819	NA20819	0	-0.0108078	-0.0228082	-0.000803349	-0.00448134	0.0175876	0.00657397	-0.00407675	-0.0026372	-0.0106886	0.00684757	3
NA20826	NA20826	0	-0.0116064	-0.0132192	-0.0117088	-0.0253882	-0.0125861	0.0255401	0.0090319	0.0222897	-0.00174078	0.00519075	3
NA20828	NA20828	0	-0.0189915	-0.0284831	-0.00490657	-0.024958	-0.00608838	-0.00445824	0.00486175	0.0254848	0.0158743	-0.00739558	3
